1000 9878
125 786
534 556
646 42
844 654
354 628
872 489
275 448
199 380
177 691
518 496
632 553
320 571
123 174
158 483
613 783
482 259
449 74
15 143
325 117
611 290
642 345
777 404
320 473
636 215
127 460
881 216
667 357
852 943
475 674
539 303
481 315
87 783
218 714
539 220
58 573
743 404
320 22
620 481
378 788
295 999
635 411
344 779
36 961
516 331
886 275
957 327
409 209
980 152
12 90
468 372
219 550
71 569
572 98
371 355
173 233
283 553
733 465
20 556
292 777
205 728
233 584
704 217
614 380
305 130
861 397
755 694
883 365
603 634
243 123
25 172
671 45
287 788
21 408
560 230
154 635
474 476
59 714
777 619
635 683
335 681
730 653
237 907
932 957
739 729
168 962
331 887
285 53
488 447
949 222
418 406
972 849
276 808
423 139
341 782
990 411
768 128
754 25
375 35
711 453
825 194
351 458
545 195
602 20
19 228
256 754
920 537
62 138
831 428
433 762
655 435
587 473
358 33
147 648
60 447
208 618
320 340
584 789
804 558
753 898
554 181
443 670
795 165
101 918
501 140
909 405
506 242
17 37
992 693
166 390
852 161
563 46
846 378
877 434
364 267
244 977
649 569
746 639
377 240
596 755
679 845
595 366
353 111
908 177
947 429
624 856
841 951
866 807
743 239
177 10
799 64
514 139
533 925
690 328
415 929
505 630
159 31
718 266
166 989
940 768
957 958
634 541
950 169
1 3
276 392
831 638
7 104
745 249
376 884
765 230
983 787
788 291
147 413
556 199
115 157
341 607
930 12
560 830
953 341
238 457
148 49
683 809
258 945
984 905
944 176
798 47
690 908
488 12
363 904
536 474
699 934
299 84
980 965
394 288
243 403
747 995
865 936
834 997
256 127
682 177
440 188
518 331
78 754
503 355
790 715
830 216
873 699
752 260
182 436
130 542
312 741
352 914
192 843
511 906
566 808
499 978
301 993
568 261
472 410
23 47
265 860
490 386
254 330
201 94
197 472
844 944
352 478
232 868
619 112
392 473
766 737
804 6
19 922
993 91
742 382
373 489
466 61
305 121
896 548
168 463
650 639
615 85
824 838
325 263
993 805
193 957
589 459
992 507
793 254
231 562
824 676
89 642
698 69
921 524
157 272
819 390
147 294
811 895
522 230
47 705
394 373
253 312
828 806
797 465
695 413
67 172
105 481
614 676
90 87
454 479
551 198
705 562
65 915
356 182
263 682
748 752
507 34
203 813
185 298
848 38
646 361
597 501
690 866
458 501
113 868
117 592
616 145
264 6
584 591
791 650
133 364
83 593
375 265
308 843
536 609
259 410
838 113
696 832
35 675
993 453
90 83
353 324
706 320
528 608
675 915
107 213
142 500
145 432
149 536
351 966
801 827
706 755
728 39
175 372
527 963
318 94
774 884
994 182
558 815
329 860
13 458
74 200
477 157
922 58
830 643
67 897
50 849
197 14
733 460
414 973
240 559
164 800
410 377
280 674
519 742
543 236
581 57
49 152
482 536
955 156
168 570
386 401
462 444
409 816
230 168
158 917
36 497
590 609
133 601
45 381
102 886
820 645
837 737
437 243
523 94
621 943
180 651
627 34
865 995
739 700
872 347
103 745
452 909
164 903
904 470
8 747
560 424
962 372
711 595
215 768
589 51
293 758
39 470
422 474
177 861
686 843
817 680
640 367
94 482
264 83
673 489
468 723
30 574
179 352
34 549
113 36
900 192
403 360
540 895
905 174
65 153
356 392
21 155
161 686
630 498
579 912
818 712
946 405
151 950
680 761
348 224
550 98
553 414
791 908
995 817
541 613
430 476
5 471
400 223
454 422
607 228
1000 808
288 612
642 335
888 713
999 207
567 907
434 773
698 598
991 635
280 675
2 824
13 383
16 173
35 155
642 401
145 591
511 390
885 149
245 758
391 198
876 568
163 63
707 570
689 27
180 986
755 806
524 179
730 616
620 580
324 409
5 376
660 339
78 934
806 668
254 937
521 540
974 486
722 135
850 848
546 470
342 348
487 861
56 949
901 713
686 645
48 297
985 632
379 217
808 991
147 207
220 524
204 420
172 906
342 62
643 815
551 142
438 746
772 713
281 774
123 77
531 930
234 878
521 652
938 96
303 310
161 729
803 790
109 3
865 877
277 983
407 340
565 486
30 933
469 139
615 320
303 20
106 714
697 729
148 971
113 290
408 824
151 192
155 5
605 517
553 506
542 623
541 585
49 651
895 204
930 960
311 271
227 516
947 319
987 890
783 685
389 656
116 276
922 963
482 586
486 898
116 443
7 308
101 553
858 884
182 314
129 430
439 137
277 222
685 177
410 433
15 846
25 30
978 76
941 88
524 192
138 263
439 943
777 676
950 414
157 410
802 849
984 884
508 370
327 974
972 513
846 30
578 904
160 529
124 322
968 168
987 196
986 276
141 963
426 207
228 119
471 717
897 414
186 591
878 203
81 275
194 210
765 297
967 941
364 646
599 166
514 996
470 510
647 620
205 163
506 450
694 521
308 380
492 241
486 805
238 15
575 286
688 754
322 336
36 582
74 273
274 463
44 953
26 604
155 112
946 349
32 229
30 784
930 770
910 710
458 3
499 981
818 867
179 231
770 990
572 342
205 859
728 959
841 339
644 842
187 289
424 173
957 285
875 124
359 39
676 379
872 42
788 797
34 870
760 460
339 203
875 13
892 933
514 253
954 500
331 863
799 268
641 742
799 157
898 382
688 768
776 798
657 307
637 365
818 393
349 484
475 214
955 224
504 412
225 515
278 631
599 657
285 297
551 530
348 463
96 272
684 113
942 797
100 376
945 667
820 593
272 715
404 948
310 823
494 80
831 371
47 704
998 480
765 491
177 578
233 347
772 611
209 305
998 627
45 966
621 748
587 932
811 28
632 527
228 506
502 713
708 940
711 511
639 792
661 498
55 775
481 962
354 432
541 92
212 598
804 818
90 374
117 607
174 526
711 285
570 589
971 176
296 376
294 935
668 240
482 95
302 434
639 591
568 452
861 705
700 705
630 262
995 903
669 730
515 160
329 321
147 560
601 429
250 197
245 655
930 921
805 27
454 443
679 566
187 732
102 457
563 105
817 924
88 135
395 875
755 875
248 856
926 944
691 205
791 190
741 895
478 623
690 47
339 231
837 172
140 972
583 440
278 838
154 208
616 923
432 402
305 100
566 746
297 712
85 989
879 751
709 166
732 180
276 466
686 285
871 803
563 594
750 592
732 43
988 989
236 858
95 70
957 854
816 86
278 479
475 931
958 320
43 359
651 222
928 751
690 962
15 725
281 527
346 47
622 219
289 133
395 197
778 919
368 698
646 187
66 465
51 447
620 380
660 867
476 944
661 534
8 458
27 422
659 45
860 890
421 226
294 112
852 570
445 252
874 926
353 284
530 322
914 37
938 943
316 783
965 630
969 627
614 935
464 937
51 123
718 961
844 644
444 26
317 772
430 477
882 604
535 394
72 677
687 63
546 929
999 889
396 100
596 251
27 486
799 422
267 273
567 906
568 540
956 976
650 978
83 25
785 493
239 410
258 359
22 500
49 42
379 815
112 662
166 951
81 985
395 403
768 727
695 4
510 346
370 505
116 245
832 558
393 694
232 490
34 160
436 764
972 542
459 224
919 289
872 666
581 830
730 536
323 66
387 481
966 1000
901 679
483 392
444 898
871 549
160 613
453 860
458 886
994 772
242 993
52 534
206 700
138 164
893 350
324 719
8 648
757 285
856 972
858 102
531 820
604 902
242 195
243 550
100 229
51 411
87 489
971 282
463 654
601 809
85 248
394 767
173 262
159 957
716 46
679 186
807 833
222 291
204 794
216 248
658 499
971 120
810 182
858 164
526 138
13 845
35 749
424 949
776 201
390 889
190 703
696 288
952 906
827 758
645 425
279 127
374 315
819 90
676 497
161 772
792 202
164 173
628 970
79 786
101 886
841 263
868 93
218 974
991 140
258 41
615 845
472 929
490 462
366 725
659 375
465 644
214 793
400 873
477 373
244 96
317 748
374 999
898 155
97 322
228 572
779 388
640 759
182 69
58 95
300 496
998 155
466 776
267 249
984 885
427 331
73 698
538 852
582 171
401 728
38 535
664 226
64 976
637 27
695 447
474 33
775 725
753 407
523 327
123 251
881 299
238 152
521 362
29 131
307 865
983 534
458 479
848 203
497 435
706 41
890 442
742 683
52 971
968 756
109 230
973 407
192 734
328 244
319 607
86 318
18 950
169 34
215 423
361 842
752 391
294 666
744 569
156 863
563 721
363 133
562 285
643 228
168 4
903 558
626 522
193 631
505 325
628 301
469 738
92 355
470 417
847 98
831 809
888 369
407 541
965 19
217 410
989 141
225 288
561 398
231 846
642 201
970 714
653 618
611 756
885 509
870 99
140 670
132 798
519 418
6 243
375 560
711 954
585 354
793 365
281 385
120 407
410 807
565 657
803 260
59 756
759 607
371 774
815 857
816 141
307 558
414 886
508 117
181 9
254 625
243 448
997 215
155 892
854 288
285 251
712 345
57 132
76 160
792 209
425 488
378 456
576 958
446 385
30 704
824 81
271 222
368 381
703 511
133 217
373 708
959 845
764 507
783 179
363 434
435 33
19 286
277 782
96 955
47 244
623 649
68 924
744 646
619 530
639 479
929 628
165 42
648 460
300 711
498 468
586 312
415 662
165 955
120 682
212 122
916 788
24 944
107 501
144 121
239 528
865 193
571 687
577 757
183 472
847 719
31 117
215 504
552 420
936 771
500 962
229 268
447 709
289 751
550 994
898 323
426 576
707 977
413 838
832 145
362 894
241 583
771 608
447 443
417 252
327 913
219 8
167 808
461 203
574 507
564 652
105 161
271 894
988 764
845 165
424 863
612 688
243 303
290 324
242 77
21 901
558 252
265 2
550 303
731 435
938 251
649 356
485 520
893 411
677 606
711 371
623 906
554 442
57 898
991 131
494 425
904 133
464 652
411 951
892 324
730 155
587 318
700 631
882 878
388 397
942 556
286 944
583 970
825 502
613 639
905 398
815 151
943 66
784 585
32 814
605 575
771 341
238 652
888 604
249 38
529 52
396 502
533 676
719 285
992 906
586 62
633 121
705 388
639 79
68 460
250 555
988 237
637 932
562 150
818 364
417 461
220 54
175 591
509 187
488 271
470 586
552 303
513 642
723 326
120 241
319 307
51 945
949 904
533 201
721 793
120 352
384 602
909 758
513 53
767 518
474 475
647 70
753 216
985 973
508 78
720 366
591 613
538 531
803 685
952 369
773 269
780 6
578 759
82 518
835 220
868 255
702 268
831 104
220 784
424 784
227 253
911 945
180 173
843 807
522 752
669 895
730 383
714 600
683 847
852 974
992 729
979 453
136 361
819 44
605 515
554 835
458 124
779 874
562 374
999 783
138 552
404 669
80 853
617 700
339 64
411 479
529 16
292 217
54 597
843 496
917 601
158 126
5 811
440 856
410 218
130 236
629 80
52 159
741 950
483 869
945 177
344 520
609 12
576 499
280 816
136 820
799 187
15 840
698 842
127 660
555 847
862 601
41 761
466 886
659 861
21 50
20 801
977 258
870 471
928 842
219 175
169 251
806 815
183 420
684 399
940 33
10 170
786 699
87 652
846 143
243 374
319 53
161 191
38 615
205 142
346 996
343 427
258 963
885 973
651 653
531 851
234 817
773 242
411 849
982 40
375 543
937 72
463 621
449 55
947 816
439 196
790 718
5 314
706 89
708 767
910 87
78 915
669 756
619 553
657 788
674 682
752 150
550 89
754 508
496 468
939 594
814 418
725 205
657 165
42 536
476 445
149 513
796 872
536 766
951 317
828 40
178 373
913 750
165 585
168 291
986 339
432 488
362 121
901 826
741 571
945 46
818 308
834 256
916 122
645 977
155 997
816 221
689 33
436 518
243 52
10 255
690 589
15 578
896 244
110 324
493 284
78 230
318 689
928 709
466 636
105 196
453 642
863 927
223 439
873 207
108 940
881 756
238 74
251 988
513 799
623 108
882 22
670 215
565 35
68 525
565 888
312 55
845 371
1000 484
987 864
290 626
865 826
762 674
299 736
545 136
639 760
235 750
716 119
964 432
902 548
562 589
174 639
640 595
456 864
354 3
946 383
947 42
899 847
444 112
227 352
814 199
542 947
838 320
417 996
514 522
696 473
398 609
556 874
705 157
925 912
178 55
509 455
918 475
814 152
27 806
211 69
361 720
60 714
952 673
305 34
385 656
667 886
304 368
177 198
748 379
632 549
572 969
899 267
370 753
447 631
664 543
628 336
794 494
746 999
12 63
879 705
537 384
422 898
461 416
775 906
79 265
859 829
114 462
490 1
443 466
194 596
926 413
285 267
917 198
223 707
483 949
393 890
394 133
570 26
807 283
96 429
958 925
371 741
575 74
750 291
503 192
954 812
96 540
923 407
578 259
821 173
643 837
881 498
614 355
807 974
994 563
562 783
686 953
485 664
144 764
4 920
982 451
658 397
808 546
700 624
866 360
518 673
26 611
407 162
820 393
342 989
476 583
95 977
653 791
526 95
527 770
201 680
539 208
173 434
635 267
249 180
265 959
322 696
253 644
235 121
415 133
758 119
279 202
581 454
602 995
897 527
516 311
993 422
461 584
462 127
692 528
589 844
183 927
240 767
594 208
581 248
909 817
40 294
205 724
664 916
150 191
408 266
63 714
687 396
176 806
231 768
215 415
99 793
103 330
180 933
417 445
950 193
897 971
582 508
936 542
533 147
358 751
563 602
717 300
744 114
681 878
722 130
564 609
931 402
314 219
560 504
688 141
686 648
47 762
798 70
68 679
894 751
21 759
51 620
100 626
454 539
740 64
99 344
778 357
318 58
927 644
160 176
610 692
378 368
765 612
459 977
463 569
339 519
359 632
17 511
873 436
330 846
739 230
801 415
783 283
877 140
717 547
666 535
887 343
28 264
819 47
879 429
490 667
291 966
787 973
37 10
791 941
459 652
779 877
343 810
861 809
477 32
205 110
796 948
193 617
126 281
970 99
554 610
886 311
818 47
233 469
378 534
552 95
326 862
789 414
183 995
421 570
334 373
561 279
409 34
909 454
974 773
480 473
209 78
409 979
373 386
604 258
186 167
417 102
704 424
43 137
721 176
651 192
854 969
413 781
483 601
300 385
375 991
820 632
582 619
821 289
589 227
163 907
115 386
977 35
225 710
393 946
391 747
17 782
841 524
54 291
785 908
853 281
453 975
682 923
534 1000
186 586
728 597
746 632
593 509
167 166
998 692
321 595
244 827
18 146
700 986
541 230
561 744
946 630
463 91
697 280
240 157
243 802
815 360
322 431
105 837
951 888
421 9
539 378
148 676
887 394
943 404
47 67
22 903
11 895
92 607
308 524
4 261
615 653
948 604
865 330
525 34
705 289
944 935
692 706
400 937
808 54
572 183
666 444
649 682
602 842
783 819
291 81
104 167
383 652
250 519
784 237
287 970
128 833
773 142
478 803
500 799
327 798
618 105
836 32
638 108
953 260
556 751
959 314
402 661
494 87
793 284
872 355
47 717
17 617
964 275
747 677
915 817
470 480
778 475
397 543
489 582
474 178
480 783
750 871
69 935
655 160
952 409
38 866
973 317
566 300
599 327
602 89
145 514
682 145
260 79
133 199
338 859
853 200
583 851
485 756
108 707
19 288
520 475
167 424
213 218
17 455
496 98
192 939
193 134
1000 530
730 423
612 873
491 409
887 287
635 366
529 445
562 319
819 404
892 742
805 233
439 447
64 435
338 302
727 840
526 269
487 403
568 823
109 669
112 399
366 991
575 832
489 74
838 242
222 501
439 93
944 673
687 491
637 556
429 423
767 185
615 117
675 416
90 576
586 845
570 342
182 144
440 623
577 85
208 507
262 216
870 13
447 340
291 312
693 574
618 77
237 529
883 35
846 85
704 702
858 367
197 735
932 902
65 593
319 76
394 277
839 85
164 899
20 175
403 33
66 855
873 827
529 341
590 376
892 96
358 780
901 4
26 846
602 61
506 406
604 707
199 153
91 560
409 93
924 218
321 11
394 681
14 86
320 241
200 920
424 300
117 673
159 34
411 38
692 221
341 703
571 772
187 543
350 57
776 208
208 530
965 516
285 690
681 213
238 658
204 550
45 614
283 401
821 657
878 994
535 391
645 451
683 656
408 766
787 654
240 865
296 915
300 971
27 773
103 22
305 987
896 706
843 423
383 358
312 336
206 293
451 478
863 207
732 885
917 293
98 613
462 194
871 98
139 173
750 785
767 861
310 438
258 277
462 109
323 809
451 252
436 584
770 376
607 821
665 86
152 191
856 55
488 887
270 723
767 947
737 356
24 505
120 354
249 530
158 4
414 146
141 842
275 296
594 438
246 845
661 228
21 645
116 517
530 737
373 229
613 76
171 169
636 419
96 680
904 325
315 886
464 332
800 790
768 308
473 50
898 907
5 435
389 788
601 814
948 5
293 456
630 419
612 234
425 192
248 861
952 175
492 24
899 1000
846 842
246 43
799 835
75 145
960 377
870 732
100 548
875 374
416 747
572 334
347 965
922 813
649 979
135 712
460 94
601 490
912 267
141 119
759 666
880 159
199 547
978 516
121 13
981 511
731 390
876 235
35 349
344 900
187 443
188 165
5 809
905 795
50 170
832 948
737 964
884 797
119 992
75 394
248 247
176 884
443 842
841 135
951 505
981 695
120 49
743 123
653 335
289 548
970 725
555 833
774 493
808 916
528 135
239 153
189 948
618 114
547 430
321 840
383 862
385 363
138 101
418 213
972 652
366 135
917 253
557 294
979 556
323 725
733 613
419 741
556 994
588 467
316 654
99 742
137 5
321 288
708 948
964 478
180 109
891 243
433 831
786 893
991 790
393 333
32 27
949 320
165 209
916 639
761 588
687 700
869 569
230 66
565 272
715 143
40 901
259 421
317 103
928 214
160 302
473 857
112 55
97 965
5 730
356 674
779 904
687 3
328 12
218 830
991 665
463 80
302 86
602 984
508 895
823 496
878 773
348 784
6 682
188 841
283 615
233 432
123 868
749 1000
509 259
790 106
461 736
337 402
926 634
358 104
168 436
799 153
158 787
344 661
314 117
116 185
427 807
854 891
197 984
208 431
951 891
157 378
893 944
451 69
567 435
660 279
254 922
845 813
423 411
959 293
375 930
410 802
507 362
863 921
55 716
521 600
918 990
636 261
30 410
767 681
950 347
879 99
920 922
735 47
461 262
281 672
928 421
342 11
779 4
238 200
683 461
498 781
355 876
281 849
798 814
748 749
68 527
819 157
365 59
293 686
173 904
308 429
407 299
28 60
907 995
969 970
915 492
19 291
991 57
834 228
810 312
754 399
477 724
499 772
522 537
264 361
411 202
69 506
252 928
517 258
511 80
614 782
496 321
973 977
758 105
481 499
726 523
654 340
503 646
92 723
616 737
176 734
891 569
832 905
705 445
779 658
999 55
984 756
54 642
275 851
974 979
315 82
758 954
887 834
447 625
490 148
474 561
400 692
667 918
64 705
193 995
859 654
950 251
862 49
33 743
286 211
987 354
585 259
968 149
953 295
664 859
132 652
439 512
850 873
483 400
679 704
637 111
964 225
512 482
608 347
347 225
445 564
324 727
510 766
369 506
632 448
685 714
154 509
281 700
214 226
363 740
181 923
533 374
475 754
919 669
553 800
28 470
673 115
732 964
330 491
590 488
834 38
66 92
644 315
166 35
151 651
819 533
780 648
658 395
271 428
848 805
886 877
84 287
303 127
515 703
553 368
477 824
733 370
908 982
231 489
661 982
97 781
245 189
856 78
13 7
144 186
255 116
662 668
421 290
95 415
29 6
265 782
953 111
455 519
663 34
64 400
698 595
473 732
763 711
893 564
286 386
857 582
733 43
555 936
524 74
198 728
785 626
127 765
422 861
444 713
229 301
547 136
965 377
806 951
96 254
335 913
998 243
964 39
146 930
542 796
586 576
684 53
647 67
324 181
410 794
944 587
638 820
366 91
321 163
977 86
280 258
464 47
418 792
746 413
150 174
358 975
397 981
324 715
200 505
110 92
147 210
403 60
655 874
858 98
329 880
436 60
350 877
223 340
743 925
688 493
63 511
601 956
13 534
195 719
237 56
184 60
772 325
555 95
725 355
180 168
18 63
237 457
739 155
406 574
744 803
51 189
770 725
645 243
539 400
334 780
298 494
66 834
421 227
258 263
131 130
209 842
305 651
936 499
493 530
845 560
100 692
799 608
434 555
926 893
304 476
32 555
885 287
453 53
166 666
10 642
379 993
931 790
217 70
513 426
469 812
791 339
336 619
376 156
305 160
489 131
767 880
883 335
331 916
372 200
270 829
254 236
571 58
2 755
884 163
85 770
840 9
713 285
162 417
798 292
920 225
336 280
959 256
210 257
29 859
163 909
437 54
464 124
746 366
587 814
803 765
652 679
946 899
690 793
430 295
570 835
294 323
612 474
298 910
426 91
928 392
526 558
513 673
933 616
56 180
865 930
811 68
389 230
783 42
471 558
259 646
773 795
289 419
920 635
907 855
468 903
910 781
550 205
860 941
254 583
631 18
810 959
929 620
566 891
900 443
499 984
60 221
445 258
217 419
535 345
539 154
979 339
83 262
815 57
448 153
987 812
307 334
805 243
3 73
867 390
562 488
861 188
404 547
525 69
139 278
675 680
197 20
662 934
793 821
597 595
272 260
12 999
332 652
974 871
318 971
211 377
702 537
477 454
281 363
861 968
157 456
551 696
552 746
333 135
194 591
129 216
107 814
962 584
64 819
987 39
310 776
974 291
243 343
171 466
824 392
197 650
665 728
205 175
81 481
319 955
266 309
614 677
734 798
290 687
437 300
170 169
704 993
869 489
262 713
86 13
582 902
731 472
513 653
863 719
721 290
29 355
969 888
109 53
290 625
443 624
995 172
136 119
907 994
89 57
217 108
403 707
598 138
346 29
582 69
806 71
238 517
944 524
577 141
207 510
743 536
175 28
622 195
114 958
52 632
257 528
679 557
224 493
97 849
244 992
355 841
452 786
749 681
163 346
326 250
148 750
294 612
889 94
328 490
373 294
164 781
288 828
185 720
300 775
802 577
239 498
719 4
614 218
745 409
764 659
232 612
381 93
419 352
667 518
266 149
405 431
487 593
239 208
558 348
335 557
345 549
767 622
497 930
225 659
328 367
127 865
754 119
632 338
281 530
376 656
12 678
198 789
307 795
146 752
73 848
772 588
820 848
413 390
736 273
78 530
974 626
906 281
191 273
923 632
86 41
234 884
588 363
596 878
522 841
652 904
617 461
835 258
583 672
234 903
255 563
915 410
256 749
95 986
450 687
434 360
339 733
305 541
951 930
437 964
350 63
647 849
65 445
251 406
804 640
326 452
916 790
374 464
781 176
998 800
199 735
166 492
153 899
61 282
302 28
288 634
49 323
892 891
453 225
534 202
580 540
248 221
357 901
983 689
749 943
73 470
752 491
629 806
558 47
154 817
905 991
413 516
969 236
254 102
220 50
690 302
732 149
291 329
495 233
979 820
928 802
710 665
751 280
772 883
720 580
521 693
404 31
675 188
346 234
205 21
466 579
431 951
86 516
949 182
788 116
517 594
989 693
294 469
901 307
647 467
361 11
47 647
186 693
749 535
572 873
479 378
762 519
838 944
531 936
968 590
990 527
440 167
848 228
886 940
541 31
835 722
708 624
655 11
901 247
743 834
621 98
658 492
805 363
517 423
596 608
730 490
934 208
682 393
403 616
559 205
597 122
544 122
156 880
801 525
105 904
179 145
355 402
666 645
95 365
813 562
886 104
635 296
729 291
257 600
184 744
130 331
178 506
842 85
151 301
727 882
943 817
693 910
892 927
699 277
420 274
974 921
718 482
165 546
370 564
853 917
323 886
804 207
182 175
901 851
956 386
174 451
949 583
550 814
849 307
8 877
560 810
723 358
836 207
784 418
745 520
684 395
67 411
986 367
626 950
163 908
57 401
172 838
210 401
603 490
363 897
806 525
60 935
224 541
266 286
808 929
650 248
617 363
981 650
752 718
458 585
406 8
259 632
904 355
338 995
299 363
462 805
673 58
75 448
556 657
579 816
446 377
730 172
333 365
317 407
57 77
649 130
83 954
815 373
86 307
392 257
435 121
678 23
294 780
407 231
736 449
213 180
605 754
143 795
387 11
245 195
620 401
948 424
622 579
22 885
313 887
575 587
120 659
407 965
433 330
72 534
783 542
408 604
314 575
23 149
390 632
123 905
334 293
623 155
319 784
785 287
554 724
278 956
306 397
847 30
335 810
504 42
602 185
714 353
823 1
92 13
979 895
48 171
515 514
966 523
309 316
59 813
542 970
982 14
733 933
718 11
132 682
686 485
826 232
388 963
744 273
156 423
674 36
39 90
976 196
25 568
911 166
789 710
151 749
318 102
433 968
534 890
919 744
955 787
722 762
891 145
126 958
659 23
327 125
476 857
895 375
272 367
948 255
867 715
496 22
518 697
958 432
268 764
203 401
924 407
678 870
675 779
182 777
607 201
147 566
114 959
709 552
736 666
421 268
61 245
64 7
659 415
145 314
843 303
39 802
302 112
766 693
178 386
737 913
828 742
465 694
802 751
620 810
609 223
537 362
776 706
524 928
546 744
803 235
442 736
129 488
831 729
465 336
589 564
250 754
406 755
946 301
120 218
712 958
380 788
680 412
367 14
997 899
354 1
565 591
591 287
519 18
225 658
906 85
689 291
893 195
174 743
998 232
224 598
15 320
128 364
60 879
99 723
544 548
212 914
375 166
30 263
52 251
952 457
471 755
241 134
619 558
242 217
830 302
327 984
446 471
603 240
682 225
612 98
523 531
807 676
90 902
143 450
740 398
957 23
982 455
160 394
969 996
236 157
740 665
38 686
22 608
256 171
584 993
969 629
364 121
471 823
687 999
930 836
201 684
348 565
900 380
904 887
390 806
799 654
508 963
35 635
252 821
883 825
574 510
575 899
11 556
49 753
981 472
611 887
11 701
433 227
245 849
419 80
130 5
391 174
853 527
837 138
303 546
475 473
743 80
837 27
757 805
908 844
837 428
115 111
867 925
719 471
788 279
191 21
521 692
977 426
461 25
871 978
219 107
594 437
777 915
689 335
546 176
824 263
159 615
663 823
137 413
858 241
894 531
56 811
661 338
403 62
742 935
284 331
801 87
711 556
192 189
234 710
203 797
591 596
562 860
404 290
1000 401
147 946
898 642
87 596
53 420
882 828
152 907
818 532
420 968
496 94
574 41
117 642
463 938
246 512
30 831
408 831
795 189
300 757
939 9
235 809
73 799
827 524
761 256
339 982
72 763
338 250
273 324
258 176
757 244
745 788
654 274
183 846
175 413
376 448
395 838
616 793
39 461
619 96
652 166
546 673
563 837
486 935
442 166
743 116
231 800
306 633
894 910
846 327
139 91
949 582
767 963
950 161
71 968
590 840
628 59
115 104
249 653
428 187
727 433
124 746
361 232
755 952
34 719
422 601
850 924
375 48
730 710
323 36
34 49
214 792
185 203
556 78
24 71
208 228
228 239
120 496
393 950
267 989
896 11
626 774
129 924
811 152
993 733
940 316
127 773
73 879
428 767
431 680
471 699
556 771
407 403
100 135
677 529
90 413
401 286
99 457
781 563
568 64
15 207
491 288
476 660
256 837
222 400
313 660
153 687
540 45
374 127
946 340
892 504
791 564
877 364
536 700
991 484
338 548
89 366
291 998
936 465
738 69
169 454
463 172
888 665
795 423
615 798
123 904
74 220
387 697
512 814
657 331
92 488
918 18
295 339
79 18
7 273
49 27
512 989
361 281
453 329
275 937
918 141
443 239
980 446
174 365
344 664
914 860
220 507
497 602
956 423
741 695
120 191
230 132
440 710
637 287
395 302
253 494
239 47
299 138
7 213
211 966
485 171
180 703
822 250
272 706
845 187
744 274
742 781
670 62
536 541
399 204
366 17
719 834
119 299
206 617
965 483
373 796
484 843
88 564
273 678
204 122
825 688
741 289
626 415
661 620
756 814
285 904
769 987
899 916
442 841
612 173
554 984
401 36
702 835
84 373
912 424
485 978
415 527
611 124
4 342
984 42
748 195
107 205
844 750
277 603
615 552
870 618
726 526
106 911
680 946
257 903
666 365
244 785
5 989
210 865
236 414
909 183
838 103
822 632
473 709
370 667
975 138
390 756
945 355
909 776
240 551
573 379
278 857
908 448
93 982
261 762
162 337
861 465
442 534
119 715
210 165
233 92
537 949
81 144
245 67
281 502
46 566
360 345
712 14
876 769
898 639
941 699
449 517
506 990
640 170
957 28
777 967
959 427
214 374
17 970
143 190
916 510
261 207
797 397
412 173
636 657
398 488
471 754
788 176
57 170
542 17
821 168
121 27
189 302
88 703
812 341
623 365
979 210
584 915
89 27
696 45
606 464
660 584
184 257
636 369
4 20
776 69
189 240
514 713
328 361
249 206
329 358
240 903
313 829
596 954
175 163
732 700
753 767
511 219
3 114
900 268
648 381
481 28
376 310
598 481
140 137
306 225
880 198
697 784
900 602
170 880
616 704
671 720
468 381
306 368
826 498
10 636
818 151
340 695
810 819
109 453
745 490
90 689
969 146
405 20
496 812
815 610
552 277
201 457
954 120
862 897
478 910
263 294
413 213
361 156
859 909
113 547
607 983
775 139
564 622
711 777
346 863
785 947
591 611
538 541
152 464
885 834
959 463
816 855
156 488
698 359
147 215
989 804
831 1
636 447
380 253
366 593
114 433
721 223
333 657
616 51
172 529
559 723
12 938
860 678
311 978
366 299
21 980
895 688
142 120
623 385
256 715
316 955
565 312
549 643
307 40
971 113
520 407
868 463
852 980
193 209
726 997
286 918
857 122
914 147
369 944
64 162
529 488
982 706
979 707
771 439
535 310
882 622
331 508
886 110
892 699
568 737
456 93
382 793
535 527
297 333
83 476
726 566
819 464
966 97
843 502
543 207
774 820
491 369
97 349
126 365
805 549
220 242
809 443
289 591
987 528
839 531
864 453
628 358
735 578
35 12
188 553
779 445
672 843
712 872
896 383
950 166
805 737
637 374
120 275
263 245
251 635
837 272
569 594
573 758
405 868
393 804
674 431
582 620
371 819
944 169
733 609
483 314
450 209
66 941
152 202
195 287
859 292
864 734
630 737
282 697
946 736
15 89
994 756
846 589
190 913
707 265
601 782
583 874
131 453
367 731
75 185
621 68
238 620
386 653
523 824
486 538
485 957
415 554
165 978
100 708
265 617
397 166
143 584
791 866
919 251
813 532
680 891
729 317
322 765
586 414
731 859
735 883
828 183
888 666
705 292
317 950
128 649
990 327
741 835
98 711
27 705
11 270
451 525
624 259
733 511
71 760
384 466
383 314
866 704
597 592
305 112
718 508
873 373
943 565
72 212
91 321
935 730
489 414
76 618
112 947
722 180
851 424
963 162
750 670
396 845
176 478
403 8
543 708
30 297
971 509
437 297
329 988
498 777
411 642
92 680
602 179
103 930
15 12
553 74
510 928
403 486
858 243
178 538
60 852
631 173
709 867
446 283
880 241
639 742
473 701
735 147
739 212
347 378
151 802
83 600
580 661
874 821
29 386
896 775
677 278
204 417
570 678
350 70
110 923
529 295
216 38
87 893
291 564
643 299
222 28
486 657
987 924
36 832
978 569
255 811
83 295
495 530
888 694
136 517
303 667
805 869
2 114
847 478
753 376
358 185
344 599
644 564
918 63
779 743
597 628
624 446
382 386
183 87
906 750
615 112
301 232
728 620
55 409
628 461
833 995
334 80
707 982
709 140
413 863
250 867
823 916
276 73
78 85
945 814
655 719
72 430
988 836
404 501
617 118
654 188
931 508
381 301
441 104
702 249
617 7
46 785
94 713
596 907
118 480
225 882
178 732
750 404
583 524
336 637
640 376
769 516
644 400
773 52
151 608
78 640
105 742
472 799
454 979
660 730
330 709
357 793
942 964
30 950
18 102
950 871
38 109
348 23
526 182
223 901
169 854
277 668
667 492
65 434
364 957
398 980
420 180
916 785
41 185
369 612
340 99
287 420
684 824
10 795
743 287
672 356
50 8
732 556
36 971
573 188
297 481
942 499
672 723
712 512
605 331
295 767
915 663
633 2
279 422
358 165
840 420
306 448
549 260
292 819
40 300
799 204
361 464
607 675
974 162
44 227
600 578
874 30
803 22
258 641
379 517
767 958
346 326
163 772
475 22
681 967
483 547
506 896
784 456
141 837
793 302
722 380
635 677
45 489
998 465
89 119
881 549
73 992
301 656
829 974
223 451
959 95
393 122
820 823
658 126
911 152
717 153
954 701
259 513
242 251
977 884
192 556
816 694
375 53
308 498
200 731
459 70
177 411
189 305
947 733
895 691
216 368
669 675
18 59
596 764
796 462
891 968
94 225
316 811
451 980
681 784
506 137
335 532
148 988
330 987
312 578
292 330
347 984
635 741
430 1
412 532
969 369
566 957
754 693
442 467
848 690
408 735
118 820
563 937
144 41
842 80
625 416
849 884
575 822
230 301
250 487
841 152
629 89
426 862
687 313
411 332
983 598
805 910
738 483
634 688
211 353
106 9
162 295
269 577
840 872
615 184
764 726
504 324
234 213
971 916
73 721
491 718
5 593
538 813
449 930
971 869
241 512
386 898
445 662
817 291
108 816
343 59
366 136
332 808
24 73
303 796
979 563
712 214
342 369
332 191
314 414
336 58
337 791
247 268
564 498
531 747
200 537
76 180
998 735
994 514
631 347
442 960
276 564
485 730
593 657
481 671
449 322
32 143
28 251
231 476
584 827
862 198
60 196
45 536
541 435
669 638
987 947
786 314
97 841
904 817
745 679
840 655
198 664
16 433
843 260
148 726
75 926
745 758
29 28
157 896
528 284
75 623
562 119
729 478
202 358
258 436
442 201
941 145
465 728
357 986
770 136
567 891
144 307
932 468
666 88
768 760
235 387
533 808
168 584
757 266
25 193
712 901
233 385
258 585
812 160
390 74
764 617
30 253
237 551
885 743
245 888
125 146
533 123
629 738
839 380
677 832
198 524
276 891
321 185
522 127
206 764
856 797
449 345
164 907
860 585
54 432
593 66
523 411
137 36
954 562
274 247
351 487
484 708
359 984
929 945
415 858
87 425
199 179
866 492
313 468
655 76
326 306
125 289
176 964
354 171
100 923
563 293
195 937
568 461
114 555
244 718
902 686
415 521
365 634
166 373
465 888
841 485
883 862
790 446
938 613
832 224
5 586
671 617
193 442
446 852
395 930
268 428
36 976
329 170
439 437
705 263
444 365
61 909
611 941
631 566
304 375
31 236
241 908
662 70
75 664
630 407
408 309
634 377
73 399
456 1
366 516
718 473
167 621
371 174
187 932
560 870
824 731
384 76
955 263
172 74
176 238
506 877
659 645
180 750
779 691
742 860
245 860
158 189
123 889
797 282
356 126
447 129
937 655
60 352
505 236
970 619
238 233
521 345
777 167
748 718
195 726
629 950
137 209
85 235
570 601
645 9
21 815
887 42
134 518
658 388
696 47
454 867
296 349
443 542
920 761
175 79
530 202
643 505
679 495
577 109
49 532
692 842
51 66
878 629
457 319
227 645
732 702
697 933
540 309
510 563
357 687
429 850
433 151
277 494
173 333
514 267
421 527
758 872
481 252
724 168
799 318
286 391
13 373
549 259
245 536
452 419
352 15
461 675
978 463
63 409
665 175
851 148
653 438
965 356
824 776
197 778
36 392
977 286
297 956
543 91
446 906
806 827
989 495
409 651
293 813
182 52
615 458
618 314
730 656
513 958
106 900
475 823
96 576
774 71
266 358
124 22
661 351
204 478
60 24
330 516
207 894
246 656
119 130
359 915
929 904
33 179
604 526
40 625
208 839
7 739
856 755
266 273
665 807
264 200
598 71
424 270
558 689
578 982
378 93
99 706
790 516
131 137
648 61
869 993
304 755
265 627
142 267
145 485
40 205
900 339
848 548
26 352
691 110
913 984
400 53
74 84
183 730
809 159
296 998
294 593
353 11
766 609
736 564
143 788
828 28
741 813
316 360
140 62
453 193
633 29
997 516
822 721
624 360
163 116
607 625
253 447
27 517
11 952
72 186
680 313
274 151
116 723
150 461
443 309
279 683
361 92
289 687
129 70
3 701
603 704
91 404
21 449
116 833
688 66
599 884
533 102
864 771
39 221
890 783
559 822
124 459
988 700
629 702
116 615
624 535
637 131
345 259
155 526
219 903
393 149
360 192
967 935
125 576
801 129
200 617
147 98
441 641
65 829
13 565
769 579
909 757
62 194
591 901
193 2
568 153
428 943
680 556
333 870
227 511
934 240
442 658
922 664
9 513
892 618
16 291
734 413
628 896
244 905
286 658
951 644
719 408
973 952
61 350
282 29
434 381
732 533
344 974
515 41
922 45
575 853
957 970
296 736
922 92
689 895
653 284
966 365
953 706
201 609
619 395
859 696
325 268
54 986
383 538
976 636
666 200
116 135
101 341
980 552
513 171
508 313
492 982
955 250
525 723
794 692
447 398
765 159
177 670
174 497
604 896
916 135
522 282
335 709
466 628
660 140
591 436
703 814
636 259
621 593
52 380
53 37
313 136
385 619
423 247
854 313
270 350
647 676
686 826
547 528
677 673
414 537
843 697
146 427
293 680
313 362
832 625
100 166
137 180
1000 492
865 818
166 57
702 95
784 718
835 442
913 356
17 303
127 476
402 227
403 710
748 792
783 299
472 35
625 35
852 782
981 238
654 60
681 226
610 200
789 909
395 596
666 594
921 572
630 131
500 279
376 285
800 399
647 99
698 726
473 601
883 718
402 580
776 488
487 392
473 714
202 264
791 176
62 788
931 981
241 899
69 369
173 10
621 684
654 747
470 692
590 741
352 211
957 906
204 623
101 504
230 212
820 530
258 699
281 330
300 34
380 784
381 201
425 936
993 975
278 553
447 622
29 877
557 215
707 246
696 517
890 651
42 667
349 781
298 801
281 533
28 761
266 323
863 520
276 792
904 449
543 698
404 700
574 836
904 336
602 149
727 125
311 971
190 988
484 761
32 490
820 115
825 291
520 367
593 335
332 309
649 77
388 487
100 809
66 201
551 338
330 850
826 286
762 817
778 570
361 888
199 948
763 527
631 977
759 156
666 682
938 695
334 980
887 760
483 695
468 154
396 143
571 763
577 398
351 559
300 563
482 970
615 501
782 751
770 783
295 872
961 920
525 55
908 129
927 359
841 226
325 17
642 501
680 32
681 265
404 992
667 810
339 206
249 783
16 152
529 130
961 698
763 882
858 790
163 40
936 1000
25 15
372 242
284 876
690 299
328 120
310 56
483 724
874 50
220 845
769 9
585 613
704 610
667 662
483 549
409 650
695 650
804 300
884 363
462 641
268 164
637 13
68 792
307 704
107 340
141 980
346 102
440 479
851 387
90 553
909 624
56 815
829 972
942 845
392 209
982 170
933 638
113 915
612 435
761 863
873 937
857 300
858 830
276 530
912 838
804 892
508 635
424 352
441 582
725 478
619 433
471 987
182 939
273 909
492 23
207 524
722 992
445 391
504 573
982 342
30 803
808 405
457 329
165 24
265 626
602 685
876 60
308 560
886 109
10 938
454 966
869 881
550 276
454 505
510 746
642 294
71 384
199 591
918 411
341 59
740 881
837 217
801 979
128 607
770 130
974 994
477 218
146 805
561 271
563 841
469 822
272 286
182 305
386 266
525 317
750 820
932 257
848 801
137 993
245 576
512 190
680 457
483 752
500 690
86 575
893 933
694 190
343 68
347 1
310 183
242 857
404 56
262 42
985 903
837 686
72 488
932 630
246 928
561 804
694 984
197 656
901 274
973 764
812 371
940 312
926 323
265 240
8 776
893 376
142 654
200 539
399 101
96 732
405 692
155 513
172 609
321 313
607 875
820 789
677 652
532 129
330 569
705 723
579 166
29 153
790 852
761 740
43 869
228 303
856 720
801 337
804 912
312 770
763 35
394 872
731 513
517 390
520 438
80 637
498 676
530 100
965 564
929 614
364 189
863 149
5 707
83 671
320 59
174 842
66 979
585 609
351 982
942 335
266 724
672 319
212 104
529 90
412 634
70 122
274 631
793 541
518 786
956 652
429 153
502 497
801 782
608 556
761 2
279 379
301 479
304 333
416 518
82 206
689 894
768 587
987 625
326 973
883 384
132 994
439 230
158 166
85 974
958 662
201 309
438 58
408 249
121 622
747 494
977 13
650 445
426 485
335 599
358 732
641 14
344 835
533 8
831 279
669 472
998 268
391 694
655 613
513 116
699 865
358 574
592 858
600 205
612 277
404 306
722 469
799 529
384 686
648 555
725 707
48 635
108 900
855 832
432 666
678 763
4 798
484 989
138 580
801 140
380 407
296 468
441 525
959 887
191 473
786 235
437 633
60 388
540 926
373 891
264 129
830 327
945 632
640 556
382 747
153 655
5 662
908 553
654 61
549 809
145 19
228 443
446 971
250 200
508 948
911 519
828 231
424 229
926 812
66 678
592 940
576 231
245 452
641 573
89 616
862 365
426 901
141 266
390 744
961 556
690 34
914 666
157 775
110 884
64 681
173 9
410 333
33 926
451 379
609 67
519 730
794 840
784 193
181 661
399 616
662 166
146 953
132 740
707 872
10 152
963 242
600 728
381 185
883 43
172 884
634 827
177 522
343 253
793 448
816 943
214 138
676 47
473 316
761 977
704 852
194 254
468 513
273 757
898 780
243 599
741 252
501 583
427 364
293 527
754 121
191 364
527 454
711 357
179 364
274 10
591 123
566 539
456 822
643 618
723 728
725 426
448 394
602 295
98 336
867 153
481 310
605 565
933 110
442 587
729 201
417 927
914 333
199 725
169 258
667 15
230 693
469 221
404 626
266 639
468 377
741 656
804 499
738 363
667 813
80 897
139 340
141 446
915 201
479 492
33 385
510 103
63 765
247 380
712 737
451 343
110 696
384 268
737 146
573 524
989 359
813 29
10 346
903 567
491 743
275 594
634 637
46 743
251 595
270 731
703 643
870 432
439 929
445 736
137 311
870 259
893 226
159 610
841 543
251 944
295 98
194 851
380 802
933 748
755 366
919 841
777 880
243 7
345 342
795 242
825 92
40 740
742 996
502 780
428 679
692 500
952 89
551 19
761 719
65 192
429 553
137 135
33 402
234 997
678 914
369 842
316 951
498 558
563 494
265 663
285 27
89 123
736 906
466 951
359 704
179 102
161 567
990 930
916 833
267 810
944 854
62 401
965 415
253 718
809 12
536 724
810 479
95 363
193 503
782 857
987 985
179 772
572 309
844 562
918 297
10 826
410 112
953 970
167 973
179 546
571 484
220 206
150 225
961 532
63 140
343 752
815 11
55 60
210 71
836 791
358 471
750 821
767 889
820 521
790 442
104 621
266 196
227 687
538 387
732 119
45 460
384 135
662 366
702 779
519 435
444 859
817 215
121 706
214 609
694 191
436 731
128 156
437 142
534 276
58 213
719 792
337 106
671 133
929 366
438 174
767 556
223 586
519 81
120 501
291 842
309 424
52 410
380 63
627 486
445 629
683 473
556 873
704 924
9 250
377 912
468 569
198 742
754 46
77 731
407 430
288 30
754 129
810 127
698 758
262 518
263 859
727 1
142 88
551 388
116 588
354 130
924 26
49 880
801 449
456 846
645 601
298 461
27 153
840 980
363 225
735 89
938 765
874 767
532 693
240 963
576 877
95 335
387 414
486 888
937 554
328 416
266 676
999 186
729 434
199 562
519 979
50 862
13 298
272 236
84 714
258 435
690 398
927 463
441 404
721 230
577 512
210 43
673 705
999 489
850 91
278 656
949 933
510 409
828 614
243 62
187 11
584 194
529 711
818 306
254 898
769 661
898 404
846 70
812 50
285 430
12 554
114 492
664 201
313 29
665 304
423 96
321 506
660 775
694 933
950 339
110 172
136 825
162 711
668 439
267 730
226 667
616 15
726 212
912 880
86 119
91 559
683 133
222 343
313 473
351 113
873 588
108 362
143 357
840 313
333 951
523 715
448 431
284 221
838 668
216 187
911 864
769 847
539 520
847 614
209 890
763 191
948 666
381 893
779 538
809 59
717 738
100 740
726 656
382 970
628 998
184 567
581 35
102 453
838 457
145 316
933 427
37 358
417 732
743 213
448 922
965 107
306 472
605 148
399 853
535 201
847 75
334 442
638 324
949 743
194 648
249 595
547 148
289 740
896 396
1 40
902 533
793 52
864 30
998 98
286 219
847 933
581 948
854 526
746 143
621 785
214 425
841 657
436 659
589 371
776 964
974 407
722 148
542 187
907 490
285 434
436 770
940 370
299 122
856 264
564 518
727 90
28 652
722 890
203 998
510 742
761 976
298 958
212 920
748 698
195 330
218 233
440 35
994 598
591 680
958 229
138 918
603 246
330 638
574 981
868 242
562 773
85 232
503 137
279 837
255 568
131 496
630 604
117 519
407 327
445 240
653 555
947 882
286 981
535 587
792 581
689 664
151 834
578 170
450 729
289 973
591 305
476 601
829 475
248 552
230 584
377 388
813 897
285 483
599 352
13 63
641 894
930 945
259 131
317 905
292 89
256 23
666 330
98 280
850 960
176 754
672 727
488 676
783 717
509 338
183 913
956 151
69 13
231 933
748 337
292 432
314 979
867 677
397 475
463 310
637 711
174 319
51 163
654 709
385 100
651 321
138 276
747 280
327 840
54 896
770 369
189 935
962 745
221 337
929 464
318 286
231 536
803 491
396 563
570 482
665 462
155 872
997 929
116 927
924 732
252 239
458 890
149 455
135 338
122 719
711 661
234 689
53 27
509 617
807 134
241 203
630 879
939 22
691 921
268 894
251 926
911 228
569 501
241 164
879 276
423 782
543 757
137 97
881 661
801 218
727 120
967 845
697 409
570 905
593 280
705 870
252 659
259 291
155 498
66 811
57 532
43 537
749 439
168 183
693 382
862 238
130 703
905 471
100 557
966 184
658 137
861 910
718 809
402 459
426 109
65 259
731 882
880 136
993 367
701 918
478 497
64 69
96 936
788 782
463 500
799 398
214 954
303 607
297 594
463 357
656 39
487 291
578 286
330 490
677 504
317 736
908 561
803 169
434 572
608 991
898 367
757 306
81 817
633 380
797 923
29 561
470 621
823 939
330 620
189 971
637 461
966 311
90 420
331 841
262 40
154 673
801 508
408 474
38 515
332 804
890 778
135 331
543 350
10 562
379 259
3 433
793 447
152 305
411 524
761 809
933 655
440 108
848 409
920 822
226 517
777 147
292 523
731 500
994 542
359 944
587 661
857 382
271 206
40 592
437 754
891 123
396 288
200 842
402 250
548 933
942 512
464 591
49 887
26 658
382 717
364 40
494 735
30 517
544 46
438 722
995 999
979 490
568 275
532 694
883 838
700 272
28 405
857 891
993 395
294 624
334 701
762 184
328 502
734 162
383 336
225 82
995 594
762 299
568 118
784 57
362 221
879 976
97 357
620 844
489 214
426 597
490 185
770 23
332 644
984 575
604 504
1 195
789 154
348 190
223 818
561 11
85 957
893 982
965 313
129 167
521 869
868 564
245 979
998 179
257 434
86 601
824 704
604 30
56 540
555 578
681 771
612 561
462 332
323 6
76 502
703 439
78 284
67 13
453 792
972 824
370 102
333 130
958 206
467 817
194 11
32 338
640 401
56 88
865 966
298 756
144 651
694 631
255 519
899 525
861 675
722 791
583 251
408 775
303 98
914 69
717 284
653 744
196 853
51 106
808 367
796 208
193 269
805 14
771 498
830 595
118 961
581 471
249 22
875 198
457 481
162 935
296 929
888 699
463 63
266 601
266 476
411 400
39 406
841 203
606 965
6 655
727 819
197 240
45 506
737 27
847 74
763 307
102 183
235 466
185 585
257 212
607 135
349 326
171 618
75 830
250 765
180 980
418 961
779 504
428 234
127 550
23 747
724 596
105 28
586 597
146 966
733 898
492 558
394 136
713 430
842 778
437 118
2 274
24 133
25 620
53 6
720 269
80 108
411 756
730 986
858 151
147 46
919 660
43 897
542 485
467 717
999 147
991 757
942 862
691 602
308 394
385 903
687 654
178 906
967 142
933 778
290 796
735 242
536 988
810 199
973 569
709 979
946 391
222 82
387 59
613 611
800 192
451 908
622 659
365 602
520 223
39 921
926 267
946 233
108 252
960 53
69 128
528 713
340 479
982 922
933 334
554 629
117 235
245 422
433 937
170 781
266 972
365 518
654 603
698 971
119 903
135 162
562 138
214 889
31 93
548 73
291 480
167 525
594 251
760 239
493 37
626 680
163 186
2 740
79 502
154 987
708 390
546 489
751 288
976 982
594 29
594 646
834 556
865 63
965 386
769 447
35 129
910 920
107 823
74 676
684 189
656 934
872 151
207 981
18 148
526 603
596 795
852 742
670 282
798 879
391 231
94 456
55 834
259 661
186 927
26 680
356 451
912 697
431 499
626 417
367 717
977 521
530 155
370 582
938 884
546 552
619 569
44 427
491 458
862 239
809 993
683 968
79 707
649 840
487 158
326 24
856 683
106 958
877 419
662 689
274 526
793 518
385 563
516 716
508 223
217 119
273 462
862 408
701 774
44 527
14 999
571 486
55 137
537 698
168 307
44 414
944 660
368 453
841 108
895 417
474 591
241 840
40 269
477 328
776 641
448 626
656 439
343 355
219 817
491 564
992 127
738 623
296 550
480 323
177 485
349 575
402 533
927 209
367 79
703 673
15 555
64 605
100 996
918 548
134 247
600 769
379 258
87 205
713 614
56 863
403 242
205 130
9 367
935 474
565 930
381 577
259 979
172 604
506 754
656 785
17 549
259 608
42 112
759 285
136 245
873 906
285 780
783 9
787 54
386 840
316 998
868 139
781 556
394 644
394 8
184 336
771 715
927 371
218 627
585 661
801 432
795 158
779 821
411 361
883 841
278 251
774 223
135 550
562 270
176 605
249 121
639 268
386 88
114 885
744 500
409 233
856 190
857 747
611 948
690 61
268 235
247 363
331 845
188 818
250 631
548 50
571 371
520 723
614 311
594 401
543 249
159 224
429 981
782 666
90 994
1 115
722 31
251 541
163 963
740 554
594 485
703 709
137 764
711 830
488 200
197 736
682 576
242 971
869 62
601 688
121 830
11 414
163 516
231 161
826 355
3 968
760 739
925 109
447 249
233 677
215 781
56 234
833 502
746 963
557 691
55 585
583 695
360 847
471 965
956 619
77 590
522 813
86 228
288 171
420 952
701 281
852 923
355 197
691 287
838 658
734 323
536 624
978 785
544 75
835 732
970 921
786 392
37 2
679 599
277 755
95 284
904 835
465 883
615 858
505 18
801 717
415 645
986 707
1 753
330 111
594 720
597 939
503 664
931 763
455 533
928 785
412 968
861 151
97 74
81 717
226 430
944 717
232 847
177 242
362 62
55 241
765 314
119 930
154 802
264 961
432 384
803 147
987 606
996 640
797 977
229 319
68 243
806 897
572 803
450 948
46 718
345 643
586 963
762 365
476 132
736 60
789 46
718 252
719 813
210 303
673 973
121 760
50 644
287 689
455 165
615 477
699 715
108 661
203 523
366 69
441 114
578 629
760 656
622 378
765 683
26 947
834 794
694 822
683 165
740 80
352 25
891 196
394 634
894 985
111 679
350 891
198 447
938 14
425 209
152 951
635 72
85 103
397 363
515 536
184 264
213 131
640 523
606 362
437 971
576 307
670 763
231 483
433 424
457 290
264 414
257 587
934 911
757 792
500 375
528 182
947 304
515 365
770 779
956 34
560 763
596 9
762 241
68 418
175 398
16 13
953 796
571 477
827 823
576 117
10 615
266 973
374 634
12 217
529 833
343 745
990 400
331 789
33 959
305 178
73 430
224 974
480 440
214 745
250 798
72 18
241 653
572 711
646 698
443 733
125 115
474 317
81 245
450 290
214 459
505 821
15 654
437 216
777 923
543 356
638 802
154 549
487 850
453 846
699 938
551 603
393 19
11 428
994 905
811 197
540 541
336 227
713 274
363 698
34 886
311 954
38 854
185 258
521 376
924 787
764 82
369 254
540 803
330 727
669 961
674 953
324 866
543 503
61 881
192 704
910 68
798 533
222 444
443 561
260 153
934 245
743 714
799 820
427 900
972 404
353 300
335 372
984 122
785 127
39 956
779 921
64 831
827 629
554 967
538 448
131 938
709 377
302 65
819 23
516 287
335 59
528 325
13 259
127 933
184 975
594 954
407 527
357 928
653 243
188 65
624 365
879 559
606 813
681 762
365 897
7 442
896 941
983 989
434 570
291 415
239 317
594 220
499 32
232 421
528 242
729 791
71 960
414 106
128 159
94 990
777 550
25 777
319 171
690 557
13 281
536 443
510 578
259 820
370 241
462 737
809 155
194 771
711 746
56 864
642 571
807 133
82 588
584 278
612 460
81 268
669 131
816 761
360 197
735 390
479 196
83 871
360 852
15 166
22 710
808 599
492 224
424 320
480 217
964 886
734 356
492 119
151 132
479 267
597 180
590 309
486 541
606 290
917 829
735 90
832 363
619 949
231 299
359 374
662 739
645 511
170 529
322 832
467 177
642 212
676 283
325 179
731 848
37 335
165 794
296 854
758 139
301 330
435 611
720 802
386 200
480 147
460 985
541 832
357 627
283 624
898 47
40 347
41 550
334 349
172 328
317 657
196 326
750 869
123 135
309 609
609 151
64 311
145 201
328 37
594 965
421 804
139 127
215 200
519 400
905 28
639 8
140 611
162 39
879 406
314 346
82 270
121 844
285 427
401 694
130 776
663 774
318 269
986 507
272 841
111 222
525 882
86 936
267 590
312 85
29 200
210 112
934 751
531 890
809 636
42 85
744 71
228 376
618 923
972 111
277 943
691 753
178 996
260 194
124 523
220 57
919 310
711 321
632 986
463 874
669 683
191 699
801 595
504 408
535 262
979 392
248 638
429 983
840 834
668 191
831 419
856 236
231 220
434 958
843 294
718 662
644 797
791 94
188 241
991 891
128 861
946 37
343 599
89 620
733 427
188 864
830 691
373 300
46 386
68 478
222 507
606 858
573 371
923 620
266 953
656 97
180 807
21 177
214 706
984 541
949 533
876 603
509 30
111 830
614 163
443 529
746 123
329 556
404 13
902 260
962 563
599 842
824 709
215 93
56 570
312 420
917 201
167 990
719 733
78 31
529 368
234 457
396 872
56 937
789 783
353 556
963 20
958 793
116 676
155 604
941 597
553 929
21 599
428 703
820 201
33 169
308 485
860 730
420 767
796 370
913 426
74 614
809 745
848 129
479 429
725 453
872 662
527 115
765 964
769 831
902 765
908 634
947 996
730 284
714 953
507 941
992 715
331 379
227 314
1000 634
1 675
739 471
671 159
857 768
197 303
239 868
221 441
866 974
144 196
254 291
466 467
710 118
110 287
989 37
794 53
614 402
444 510
131 793
603 943
268 172
400 892
55 212
996 726
681 558
516 183
615 141
253 668
230 245
736 106
989 376
996 564
372 366
524 163
86 532
38 651
258 523
529 652
266 401
832 205
676 580
594 317
632 376
873 882
450 197
551 97
911 225
313 308
743 918
378 274
584 729
566 473
414 602
643 684
950 568
156 53
85 137
86 178
146 127
18 69
772 110
187 966
193 169
469 268
260 809
654 249
396 217
624 930
970 178
839 852
201 960
787 585
292 489
739 320
717 202
226 373
273 460
862 414
502 743
317 652
84 873
128 963
510 135
240 615
372 172
508 444
895 304
419 341
314 101
685 50
408 226
245 587
528 243
710 655
217 856
785 740
491 711
530 514
771 537
96 149
474 286
274 241
8 998
190 498
327 591
259 823
446 570
794 636
579 510
911 295
570 231
882 149
719 570
557 427
263 544
790 20
531 752
660 980
613 916
88 545
450 88
307 961
534 852
557 589
928 371
556 511
199 196
661 607
166 23
100 799
569 240
74 702
706 427
763 38
783 221
1 969
436 424
852 562
353 478
83 565
221 218
678 156
347 908
791 855
985 489
175 242
974 694
269 630
481 483
62 512
266 721
305 829
268 391
987 825
857 153
993 392
847 349
792 973
631 698
782 680
497 681
491 871
398 689
794 250
637 698
652 236
99 628
432 279
71 773
970 795
187 31
482 721
230 313
923 729
827 239
370 590
847 224
805 356
444 533
919 789
799 58
316 890
55 397
239 336
21 13
793 92
131 581
794 271
633 285
617 864
372 260
49 252
89 77
127 527
372 422
615 298
188 362
125 58
368 849
510 492
498 460
975 610
854 593
160 589
487 772
993 647
871 889
122 659
512 385
108 930
694 953
419 653
864 212
319 940
730 965
752 661
271 9
147 23
744 57
63 427
713 866
950 625
665 967
868 218
834 982
356 310
263 810
359 977
51 288
532 273
317 64
630 628
545 154
857 152
32 784
630 487
800 72
599 440
808 451
181 591
389 626
943 447
113 410
960 445
482 177
286 64
467 223
644 911
424 234
446 863
140 158
804 373
644 798
996 989
344 944
456 298
735 748
61 493
597 651
305 59
404 953
876 453
55 96
280 886
478 889
304 76
68 253
729 733
590 798
202 615
719 958
703 517
98 948
111 127
764 533
25 855
813 214
884 285
133 729
907 494
301 531
627 396
538 498
461 333
506 598
203 265
531 699
199 473
760 680
194 251
32 258
551 149
650 166
835 382
858 5
90 427
588 739
535 865
739 794
186 902
133 157
10 724
851 904
948 54
787 112
95 975
316 936
65 104
283 209
191 504
273 923
307 68
350 561
313 731
743 561
675 977
770 999
577 23
89 685
244 975
407 775
374 350
840 718
896 800
14 671
988 478
993 432
666 342
79 959
300 952
836 538
598 617
396 491
932 53
610 443
738 356
810 681
92 306
32 761
827 166
274 858
97 453
172 273
814 928
597 528
177 109
340 559
803 177
549 413
606 710
392 780
653 431
712 885
204 585
471 244
844 164
600 522
73 654
332 941
7 135
870 437
393 823
746 239
309 491
42 726
134 14
45 481
410 878
110 730
357 288
103 828
219 259
863 618
829 966
542 437
289 177
720 123
773 143
264 913
925 452
618 598
644 380
185 369
26 695
687 574
449 36
985 410
866 883
683 255
901 252
61 911
477 340
109 29
191 540
454 838
943 390
846 276
127 355
856 403
801 538
566 794
643 363
662 709
212 82
804 318
771 463
792 560
39 783
10 657
356 394
634 119
933 891
433 180
435 832
753 611
560 665
596 47
559 421
232 890
69 105
614 447
580 635
33 457
103 190
913 652
988 192
811 697
465 261
858 756
675 406
362 903
440 581
556 403
421 782
780 843
563 621
818 387
271 624
509 965
384 156
138 391
525 537
730 605
497 918
224 714
557 136
7 235
608 83
531 533
368 901
954 916
134 234
986 485
290 300
536 44
111 196
190 301
891 416
142 656
215 874
191 205
907 532
629 281
793 170
852 684
289 462
792 483
99 249
318 719
527 5
913 369
342 821
548 992
695 883
601 134
708 750
657 884
549 686
395 744
492 113
754 412
204 957
834 547
61 4
403 989
925 635
305 594
202 831
51 18
457 367
971 803
925 526
946 221
875 321
32 869
164 354
757 813
615 643
301 311
965 848
396 77
895 147
805 231
199 664
455 562
386 87
728 972
430 148
468 335
477 135
362 403
268 230
699 330
455 848
617 581
234 31
235 490
474 558
148 419
591 121
757 353
558 114
300 166
743 428
987 484
806 920
93 889
667 566
651 141
854 884
121 624
987 277
418 40
456 203
884 139
133 595
813 241
673 550
275 766
774 228
779 190
216 806
694 15
287 623
275 367
494 97
371 790
122 656
48 275
195 452
532 77
918 694
339 434
341 867
103 836
786 944
15 486
114 415
812 732
316 172
265 103
412 242
964 551
10 358
347 559
241 96
630 730
246 723
638 647
913 460
290 901
485 355
823 891
284 171
658 408
403 719
485 887
397 469
400 455
535 659
517 484
477 807
579 567
286 983
32 786
507 624
826 900
979 394
139 755
877 255
23 93
210 708
961 772
156 546
361 560
433 355
325 149
454 315
277 466
387 270
933 581
309 929
311 247
701 843
995 626
118 743
78 806
197 252
254 487
292 768
167 141
589 872
214 849
514 65
219 973
595 22
888 12
49 142
233 185
819 606
977 399
202 612
495 77
929 463
819 975
822 434
132 738
438 785
889 535
873 122
157 337
488 152
694 120
494 295
628 244
372 554
546 163
663 804
890 846
800 570
432 606
986 477
204 822
775 447
163 119
892 7
880 963
551 148
328 622
419 825
133 11
560 297
265 387
53 292
859 447
388 95
643 707
751 674
976 328
78 824
862 664
891 39
934 81
946 222
958 347
563 265
126 675
882 753
757 963
430 387
584 891
203 263
518 946
614 807
210 537
411 338
692 961
514 481
843 375
37 180
166 536
460 829
944 910
46 194
429 842
966 115
689 990
853 675
123 842
288 741
571 230
625 524
20 584
945 133
943 918
180 932
140 993
801 953
605 243
842 263
3 427
832 785
943 519
966 684
762 662
438 117
427 740
779 395
992 54
505 984
401 961
491 733
257 421
850 28
11 114
859 790
418 80
212 503
573 744
388 616
890 896
160 519
237 999
200 100
464 141
707 219
979 542
655 693
988 720
548 664
904 484
632 489
650 200
158 419
585 742
582 464
518 451
995 306
579 179
394 541
345 201
825 215
20 439
117 629
703 210
227 237
564 180
748 953
949 382
274 70
904 81
502 32
450 647
571 961
218 411
60 330
377 393
601 218
840 958
657 792
929 595
550 45
438 715
810 310
683 972
758 384
389 585
872 736
838 360
400 158
586 581
259 85
302 213
305 791
696 416
1 574
438 533
477 49
743 314
305 864
219 742
143 796
130 77
500 197
304 344
178 321
141 331
214 814
31 172
591 100
723 993
128 884
20 834
95 196
304 21
487 572
200 70
24 436
560 806
745 238
525 536
693 598
96 262
430 815
101 27
16 583
271 785
576 353
320 825
370 43
20 134
591 585
918 683
371 682
284 307
926 230
15 397
916 440
280 410
584 360
837 858
423 210
324 931
808 828
368 755
848 45
77 725
562 887
617 480
800 832
895 713
255 622
471 573
238 792
442 969
854 274
890 459
69 726
786 254
750 183
981 97
910 39
829 949
588 901
971 23
442 811
541 281
28 204
91 802
677 201
563 133
776 150
26 477
987 906
951 623
47 616
22 769
300 611
799 587
362 292
330 198
999 624
669 135
875 110
266 941
611 952
903 430
983 668
503 971
136 881
101 538
893 655
297 612
531 858
144 300
755 722
85 983
949 574
508 450
842 430
684 317
297 851
780 872
784 363
932 691
721 704
137 663
86 594
267 788
125 56
916 143
519 34
522 258
292 797
409 52
608 333
220 643
8 531
473 44
308 238
328 740
845 1
298 964
686 723
51 516
693 253
74 879
953 96
661 415
995 509
834 933
268 771
700 978
969 875
472 781
679 156
356 391
1 954
347 716
170 335
557 849
374 39
352 869
930 709
861 559
554 233
421 478
740 764
605 554
127 314
662 531
169 414
667 395
615 593
174 873
71 291
737 707
573 61
227 737
201 926
814 168
373 184
763 512
728 591
346 31
611 549
483 962
103 193
345 997
953 742
862 630
131 530
724 883
620 572
768 733
242 694
43 427
225 460
390 412
690 654
12 486
585 444
381 193
789 42
77 200
760 950
408 75
923 828
449 609
733 829
106 360
347 78
58 151
556 122
777 611
725 797
727 227
32 717
750 320
806 758
367 240
502 537
817 499
802 393
696 764
751 94
880 756
437 482
912 948
18 299
552 783
458 546
902 839
741 229
544 687
835 352
657 640
584 672
398 102
381 758
184 46
910 207
398 17
354 213
597 279
782 187
291 764
18 92
237 360
22 636
745 524
703 415
766 769
178 790
51 220
291 589
202 144
352 621
604 98
914 309
883 916
147 606
404 491
597 843
304 558
835 986
527 560
43 916
861 838
843 455
866 956
98 274
256 898
568 558
128 587
55 160
93 109
19 886
206 308
541 773
447 522
563 885
343 741
948 825
140 267
679 955
426 755
615 57
157 609
500 678
197 898
825 681
366 779
370 374
299 190
580 197
806 643
219 103
632 268
847 867
341 568
180 378
839 829
510 693
95 617
207 389
858 197
309 139
710 927
104 67
213 367
674 211
342 77
774 900
535 790
717 143
55 808
260 464
285 803
14 227
342 188
440 180
958 26
561 764
268 602
859 499
128 727
189 184
891 962
913 292
143 347
39 602
557 921
563 476
835 523
620 275
947 818
697 750
903 790
933 691
782 945
127 242
535 331
38 353
222 194
599 458
601 507
16 335
403 853
151 435
889 432
585 943
412 925
298 122
127 976
787 699
838 154
913 753
842 169
58 664
790 89
391 134
540 592
344 537
932 442
2 931
991 985
760 161
334 500
158 806
859 599
362 901
793 69
576 371
480 344
978 59
211 401
327 810
628 15
799 90
826 118
722 199
708 118
730 714
852 692
990 446
713 617
72 383
897 370
159 797
42 347
595 525
570 853
405 700
613 167
928 263
105 394
808 829
165 480
310 715
743 951
262 622
639 870
640 314
234 945
437 764
526 858
694 540
333 908
619 651
48 772
394 784
568 59
273 97
22 548
773 788
43 635
947 33
565 402
624 882
809 960
724 309
785 95
550 987
18 838
535 367
923 201
637 837
905 888
914 396
862 494
168 246
41 776
739 353
23 168
939 867
583 304
417 713
54 518
964 822
575 860
136 995
525 119
33 793
876 333
774 670
872 776
803 250
549 450
474 556
510 166
756 186
404 791
281 196
603 537
250 739
988 85
956 443
387 976
800 37
279 710
28 966
604 101
237 652
869 341
76 526
93 744
152 198
11 189
250 965
989 558
445 688
586 650
163 599
205 208
43 253
225 754
998 407
111 218
829 923
495 379
8 739
650 62
945 618
696 848
975 758
570 873
592 993
797 46
344 926
820 241
924 414
952 425
935 224
95 839
811 414
631 305
977 938
635 818
797 223
122 995
952 24
271 296
437 720
956 608
259 720
448 311
471 945
311 668
108 25
759 2
763 199
30 976
804 515
716 247
379 482
23 377
984 135
74 435
916 768
114 944
408 835
938 750
192 42
155 222
619 917
31 547
734 102
455 643
79 823
600 70
966 21
420 121
280 556
727 856
374 736
178 439
35 258
504 57
676 25
126 589
689 349
59 9
785 391
756 158
349 320
723 463
854 807
311 748
721 658
738 528
580 339
104 684
837 332
175 821
59 836
243 227
704 543
964 65
641 98
453 708
590 63
561 779
724 705
526 408
582 675
604 879
785 963
885 882
674 93
553 788
825 991
608 473
703 986
137 509
526 381
878 84
934 282
406 963
134 466
928 335
692 280
893 425
596 892
722 723
887 143
928 190
790 788
795 910
375 328
514 810
332 250
189 4
563 267
677 319
843 11
221 659
576 910
199 228
691 495
196 951
417 707
86 487
3 231
916 804
369 529
338 480
1000 909
343 785
749 750
862 23
795 458
582 834
743 272
620 93
629 473
164 771
745 692
173 323
291 136
314 875
10 608
83 42
943 912
512 994
965 72
328 131
917 309
22 411
428 735
672 972
366 558
666 230
922 268
245 627
305 574
290 178
668 899
558 283
872 638
64 939
871 880
949 998
676 866
595 786
483 556
530 815
638 980
2 512
59 721
133 826
336 442
500 581
837 578
627 18
789 503
703 873
156 508
494 461
609 924
459 277
595 737
602 207
696 776
878 112
312 17
812 678
173 944
355 981
686 891
730 43
19 138
246 281
998 776
160 52
669 845
907 856
70 730
531 148
400 498
623 506
882 640
5 325
947 964
485 909
348 591
94 127
899 142
7 400
217 336
781 595
583 190
715 334
667 227
796 510
671 555
198 495
884 7
166 661
794 226
524 831
357 602
28 686
50 178
268 253
720 978
153 139
282 593
887 874
763 696
242 547
612 855
719 93
757 394
525 308
175 655
70 467
625 776
976 650
296 556
957 969
337 320
724 948
908 275
331 225
435 995
958 665
872 602
606 23
953 360
517 535
955 438
738 826
524 417
108 954
968 811
146 667
163 523
916 459
475 877
371 684
321 391
394 477
804 544
462 900
626 29
455 197
869 375
462 823
347 629
757 758
648 790
105 683
288 133
886 236
114 683
501 291
446 762
123 347
200 960
706 470
269 244
166 324
978 950
870 744
635 341
636 522
340 63
107 220
22 775
259 179
278 253
500 261
16 428
89 746
255 61
537 638
783 222
169 322
758 140
874 409
670 982
486 963
847 462
104 852
139 263
879 985
550 523
348 919
131 683
547 563
486 45
913 621
897 864
58 300
614 297
444 529
157 552
301 513
893 894
250 736
733 149
145 916
41 715
405 170
719 462
401 911
550 836
205 493
759 778
922 503
486 414
684 93
461 212
707 772
135 279
181 245
294 444
155 966
368 563
898 654
612 286
902 206
122 526
817 550
910 709
983 401
180 418
901 398
461 391
566 490
846 522
703 135
227 214
393 264
549 621
950 996
477 514
829 749
373 721
194 292
929 831
144 529
199 605
346 667
274 396
562 635
155 435
60 647
355 688
201 721
184 481
350 50
957 250
812 803
191 678
529 275
285 701
658 185
847 543
758 462
61 150
465 885
601 385
305 716
397 180
334 625
705 355
482 828
410 1
486 796
473 679
663 46
940 625
278 8
359 155
211 452
656 215
354 309
508 514
625 758
621 649
395 694
813 415
746 834
379 791
349 351
389 591
447 758
875 763
860 77
646 720
3 622
333 203
91 441
629 52
212 549
372 390
923 830
429 105
177 688
840 112
508 198
346 281
20 90
816 969
10 16
319 238
604 872
822 211
664 45
115 333
450 250
703 332
132 402
740 207
506 709
413 407
930 291
952 471
381 515
440 43
367 976
740 94
850 522
924 773
857 478
345 242
143 419
91 914
754 110
973 464
167 281
63 344
856 738
311 882
496 209
422 169
83 915
911 991
74 754
146 167
419 153
189 3
434 234
456 910
917 783
26 480
22 342
514 589
697 577
148 947
754 562
939 652
338 481
982 546
588 685
525 220
126 275
18 542
165 733
611 869
980 182
488 684
838 188
841 232
627 361
935 850
917 707
165 686
577 678
559 370
373 267
328 93
196 372
235 294
831 53
590 604
827 186
274 393
996 723
888 444
210 88
883 269
193 814
107 736
453 500
37 757
276 275
300 105
836 843
358 435
965 361
504 932
276 386
24 347
754 322
48 97
33 659
196 185
552 657
627 247
774 272
120 371
837 688
451 13
38 156
271 489
682 627
242 954
538 767
190 426
444 942
764 795
746 378
56 842
534 611
825 644
449 365
727 118
86 890
638 695
90 105
271 988
920 802
522 58
686 777
173 715
855 146
821 110
769 707
682 804
613 972
854 494
735 313
312 897
958 24
872 217
341 122
804 870
255 708
576 717
591 938
351 177
139 961
138 660
568 33
821 945
643 433
91 668
667 343
152 776
377 319
395 680
14 434
718 902
994 438
353 294
508 902
948 475
127 252
37 196
758 54
942 313
155 153
302 216
52 519
697 974
719 393
361 964
793 696
698 344
850 443
353 113
575 826
101 755
915 298
880 878
865 30
374 472
404 413
233 340
430 862
196 1000
772 990
336 603
79 189
803 81
572 882
108 140
672 287
44 187
309 297
813 137
965 478
290 70
807 495
497 906
280 80
337 97
500 555
674 416
712 115
401 716
168 773
81 100
872 377
980 876
417 58
825 933
113 843
555 380
869 404
691 844
214 203
587 943
34 805
146 299
219 355
704 794
96 726
613 927
261 10
981 667
307 964
313 347
186 971
795 555
742 716
787 63
679 245
795 984
578 456
687 734
247 215
639 753
142 33
551 447
284 242
437 924
847 917
389 537
504 611
140 401
468 6
730 465
917 839
277 728
955 651
393 67
9 526
867 297
409 321
706 761
102 470
767 448
455 558
800 712
53 169
905 725
466 261
925 778
909 133
253 971
415 460
788 810
606 977
910 701
24 983
554 902
453 170
438 790
427 515
407 553
966 344
128 932
96 104
974 887
405 56
465 357
598 887
125 467
776 819
245 554
410 529
595 860
957 861
693 439
860 136
935 350
176 887
211 980
622 502
142 705
803 649
519 699
664 65
739 519
725 600
673 245
161 473
380 203
322 144
206 635
29 194
527 327
744 77
303 276
839 326
535 969
539 522
482 505
66 248
463 268
865 696
39 655
596 568
545 782
613 631
209 881
279 596
992 660
666 605
297 214
601 864
814 461
834 407
588 650
471 134
961 792
218 995
352 273
227 627
174 78
358 219
162 558
844 962
684 623
554 86
480 181
888 306
904 567
514 850
395 188
958 991
418 759
550 564
475 458
374 242
993 820
478 723
559 718
747 166
451 357
954 276
721 519
3 448
560 899
780 184
328 71
310 43
862 516
168 528
8 837
760 74
667 534
462 406
86 514
767 905
73 661
491 642
498 410
261 398
581 821
568 760
823 792
76 387
348 440
385 418
168 846
280 136
375 913
394 176
397 847
116 215
589 251
294 473
730 819
787 296
169 513
744 139
228 36
321 334
485 467
529 330
493 649
812 700
415 102
213 313
68 604
865 908
90 436
296 463
825 191
699 722
151 631
703 186
257 655
424 655
208 742
411 923
428 987
70 764
640 659
91 691
353 424
852 966
891 936
710 428
558 528
563 186
322 532
894 264
520 199
815 16
212 59
641 885
252 836
329 225
12 521
64 148
207 192
653 583
942 397
728 25
583 357
144 58
788 883
92 640
610 453
951 516
837 234
729 497
126 355
584 85
295 754
303 959
395 216
145 561
148 496
735 604
758 919
413 532
490 249
286 856
367 349
196 265
729 828
715 881
185 990
457 577
205 291
336 670
614 65
851 273
889 582
698 164
661 16
996 385
523 19
393 826
232 366
177 723
785 796
25 935
690 915
267 942
548 565
385 575
25 592
337 806
637 243
582 796
265 169
648 542
668 577
850 604
542 446
817 621
156 520
34 881
18 266
80 223
856 592
55 858
613 860
462 840
86 180
661 694
598 83
640 639
770 674
492 10
679 310
682 470
946 419
710 392
179 112
127 366
365 745
916 843
666 610
867 191
123 671
287 510
483 357
930 891
780 501
442 629
878 908
37 340
994 153
50 33
533 724
456 280
274 921
576 57
634 483
656 129
982 809
16 96
720 980
295 662
885 210
957 741
799 262
33 995
642 95
898 245
281 237
555 691
564 899
304 9
803 992
410 685
547 36
159 298
268 990
756 502
439 554
979 593
780 934
894 348
931 466
4 632
955 456
654 574
78 440
746 494
621 754
379 139
252 123
882 30
259 987
613 926
760 574
941 919
398 434
812 644
321 167
549 631
442 981
39 277
839 390
920 412
263 845
200 794
803 808
539 478
908 681
856 330
468 912
285 550
35 815
790 589
368 36
4 210
473 89
140 402
857 928
643 317
455 267
80 519
527 855
914 376
808 267
757 808
60 72
188 117
960 454
984 460
362 288
970 35
867 819
297 411
10 708
961 940
549 237
809 368
663 117
810 731
779 664
67 922
418 970
430 776
399 891
153 420
224 175
541 970
121 281
638 342
332 516
384 351
205 649
558 119
135 226
945 82
547 226
106 94
768 757
225 444
71 995
384 187
137 522
672 869
15 553
810 203
63 797
45 258
764 638
256 779
418 148
220 744
93 534
112 792
375 908
926 36
821 274
536 414
792 8
632 327
280 220
392 438
776 28
74 293
638 893
217 647
91 234
988 660
789 869
996 191
726 256
266 290
582 868
347 437
799 800
846 921
8 373
639 950
584 648
937 440
185 323
26 889
616 121
140 629
14 222
307 848
626 398
75 412
494 422
425 253
156 123
354 856
217 67
291 708
282 897
763 216
606 374
860 898
899 786
577 156
647 860
363 199
595 817
862 175
365 621
57 708
98 40
409 435
264 490
965 686
123 583
434 38
218 881
591 275
993 317
709 681
322 723
948 515
418 530
145 298
420 100
496 706
653 82
233 497
969 389
59 157
764 997
353 952
233 386
714 467
127 890
129 335
707 678
559 713
598 801
234 124
591 88
618 134
486 350
270 859
474 702
55 495
987 971
177 293
551 591
719 821
978 145
104 830
121 640
674 374
437 204
663 946
900 692
923 929
229 106
217 626
440 463
459 413
205 241
480 976
929 157
397 991
492 611
440 446
42 286
647 367
225 908
797 414
748 684
488 458
472 975
234 722
588 261
8 273
464 339
543 575
216 468
17 741
894 961
652 953
959 783
262 565
900 191
4 116
463 561
502 985
143 323
865 731
616 371
672 37
913 205
859 130
297 160
208 517
51 81
969 758
252 982
420 186
597 998
299 879
140 297
322 644
714 130
288 728
700 465
80 862
923 178
62 706
690 155
374 336
550 375
206 543
211 117
728 905
33 853
440 849
330 365
188 771
282 456
837 122
714 503
953 661
220 108
790 32
686 113
944 368
283 942
713 53
145 961
55 66
438 78
96 17
225 371
923 766
104 636
266 215
841 558
380 729
71 980
833 985
851 272
64 942
615 929
674 299
747 419
110 417
38 642
759 972
422 23
29 180
766 236
414 129
379 857
242 952
354 734
262 981
409 519
319 12
452 483
536 470
969 55
6 462
337 805
428 628
950 273
932 804
846 934
869 463
542 447
781 861
256 444
313 317
422 489
227 131
155 686
468 671
948 97
877 965
345 204
700 996
494 495
930 551
971 145
411 102
29 427
178 935
711 211
860 987
476 640
585 103
122 248
875 458
35 643
677 208
255 292
504 260
887 291
501 100
728 655
197 379
794 272
517 332
446 910
340 405
921 448
425 753
942 430
247 678
563 565
269 768
1 418
236 234
813 15
79 921
540 413
597 732
727 797
763 716
378 546
866 719
704 158
957 740
946 474
135 872
162 710
954 346
239 468
847 21
334 504
948 904
534 449
573 596
791 466
104 600
339 403
768 665
590 856
883 206
349 566
449 956
447 409
140 631
689 127
589 416
717 363
664 841
93 561
24 40
814 531
755 57
105 798
502 554
124 472
894 684
4 520
223 388
993 749
208 99
116 628
659 300
733 739
935 107
11 275
133 61
172 597
748 756
549 784
501 201
38 874
830 406
647 708
393 273
985 335
203 134
666 818
756 986
484 677
345 89
874 702
170 340
83 589
526 201
329 461
882 675
244 760
80 617
706 469
445 447
653 762
252 943
435 249
814 439
248 618
561 149
984 94
359 366
269 66
177 727
468 105
615 697
159 19
446 938
984 461
641 956
219 680
182 604
870 969
304 490
977 469
490 397
506 954
515 20
844 984
757 73
644 971
407 698
926 990
653 190
94 6
382 6
614 349
859 518
765 804
737 102
385 9
963 484
197 316
250 751
71 783
789 160
917 475
602 203
701 628
940 972
888 101
997 781
444 643
301 774
304 54
951 204
76 522
77 223
189 997
171 971
399 318
149 291
483 617
581 736
551 904
24 179
975 536
101 848
392 439
265 143
510 866
855 118
952 335
570 130
110 187
493 209
539 881
702 415
650 58
104 112
18 448
450 254
725 727
262 703
891 307
564 331
213 291
33 133
52 103
720 57
259 583
21 940
80 152
333 586
83 779
798 684
683 220
133 307
66 246
194 291
24 909
41 428
829 347
778 523
66 873
691 196
806 117
170 731
463 882
869 987
122 48
433 443
582 526
14 603
131 204
559 148
852 130
122 419
729 249
676 464
70 963
777 866
40 114
421 315
689 603
687 48
273 508
309 948
300 979
806 466
801 806
554 534
59 156
103 111
31 210
782 574
11 878
504 428
12 189
361 485
642 4
996 649
867 771
548 174
107 662
716 824
941 393
120 235
690 651
837 328
15 524
362 872
552 696
456 237
609 313
663 604
783 334
711 900
287 696
110 373
111 36
483 389
279 964
51 841
677 901
768 111
521 617
354 682
197 202
308 207
570 166
828 327
898 657
613 68
116 684
862 490
315 124
640 472
769 740
478 728
171 206
512 130
39 335
997 455
284 22
269 454
458 257
869 541
528 775
236 142
91 693
165 134
331 226
832 397
250 30
491 472
473 885
260 829
982 694
566 817
16 788
2 404
903 702
946 159
286 836
198 112
308 976
404 663
79 791
317 926
600 38
876 243
608 625
304 992
207 115
121 246
514 285
308 383
322 982
487 304
685 181
139 209
656 69
112 701
301 829
417 336
844 730
776 973
229 427
176 41
842 626
440 654
256 915
370 194
261 369
262 970
638 811
128 426
332 138
759 749
442 372
407 239
263 564
509 638
911 832
178 755
802 281
750 67
700 387
899 657
964 916
112 886
659 724
986 221
308 449
751 863
990 765
672 121
959 802
337 599
423 647
985 483
532 464
496 969
939 446
720 550
627 963
645 224
652 700
50 362
729 163
435 156
355 405
818 871
838 354
198 205
456 572
918 330
259 91
350 464
1 674
654 368
602 545
252 874
515 938
308 948
692 830
46 224
32 574
896 771
469 743
951 295
841 682
850 438
308 694
35 222
947 94
975 82
125 347
197 190
206 132
415 625
999 505
547 200
441 501
495 174
689 47
945 901
219 184
71 955
699 114
429 789
408 25
769 96
537 252
665 439
594 503
613 297
685 972
137 718
428 315
323 23
73 572
94 854
739 671
336 410
924 571
617 63
160 936
380 51
440 392
574 559
993 748
208 100
669 233
19 701
673 238
30 317
752 865
56 44
579 4
502 757
964 458
734 928
720 94
137 138
659 13
739 859
976 391
705 863
750 185
401 158
113 148
331 221
995 50
834 236
584 987
942 470
439 406
751 593
866 317
39 629
351 807
463 921
725 118
801 590
532 714
701 237
947 380
687 942
838 334
411 650
572 382
274 729
938 624
408 667
101 818
304 443
102 469
970 33
330 192
520 784
601 331
456 310
324 600
3 203
386 193
433 90
990 454
131 687
714 268
128 935
811 666
24 760
392 892
907 143
231 887
659 798
602 132
110 636
610 766
628 505
901 933
582 414
894 412
716 868
828 634
977 336
431 795
822 88
614 436
276 52
974 391
423 391
635 653
837 629
967 714
107 856
418 261
8 537
940 130
299 10
318 314
467 988
963 35
690 857
796 845
824 411
327 696
590 198
919 788
851 662
599 12
739 921
260 262
100 197
873 963
431 351
177 852
331 264
898 940
479 35
544 264
906 483
89 152
234 926
532 281
381 861
468 839
839 464
640 650
476 730
972 247
243 789
768 520
378 52
462 862
633 570
151 163
192 944
445 450
820 306
911 741
71 136
607 106
630 153
248 823
961 876
487 216
472 335
643 168
404 764
546 933
433 356
611 845
650 839
151 502
782 652
966 409
805 789
921 296
116 420
631 519
135 802
810 916
871 20
818 224
909 823
268 129
253 861
953 895
951 412
310 268
759 33
511 870
580 442
466 6
68 342
984 631
896 489
804 162
76 841
194 668
84 536
124 605
769 142
812 228
707 966
941 409
380 806
346 370
456 238
384 91
2 646
280 28
262 92
506 892
733 919
450 327
931 492
932 947
510 643
722 283
228 80
781 934
142 672
254 644
916 382
143 431
492 259
735 449
427 940
714 716
911 938
165 308
821 575
352 773
575 505
762 720
945 815
587 295
145 200
499 839
818 753
729 58
385 518
293 33
900 479
798 150
114 917
984 110
330 38
799 632
732 653
491 249
719 433
529 29
359 6
487 77
638 434
89 599
715 647
511 296
872 822
282 470
619 35
69 14
879 541
310 488
75 693
81 944
36 296
93 777
77 388
121 576
451 211
474 656
326 657
148 209
31 356
355 540
228 790
444 827
127 83
217 547
727 157
290 256
799 655
972 740
129 902
773 469
546 49
394 290
589 191
665 613
388 772
480 877
217 878
694 744
269 652
892 145
614 580
146 485
835 467
749 137
751 719
730 342
269 378
127 410
421 15
304 787
361 838
531 264
297 130
887 317
340 32
88 57
951 512
130 290
188 108
335 495
339 1000
106 933
877 408
956 105
95 495
135 580
741 862
905 782
357 581
359 187
469 855
914 580
684 562
667 772
462 128
279 474
432 499
451 401
823 153
495 824
921 145
542 547
657 334
429 474
840 351
126 124
129 38
712 921
529 581
346 443
558 213
240 422
702 820
573 660
135 409
854 979
209 506
314 795
681 787
100 381
163 424
351 498
413 136
876 954
185 736
918 563
259 847
422 297
495 365
707 77
51 561
752 866
273 543
667 968
632 524
205 135
397 630
414 556
338 974
65 782
816 578
378 319
964 602
256 521
740 481
647 599
118 309
304 977
857 139
345 95
114 338
277 770
833 178
601 142
839 124
539 320
939 554
407 240
523 811
874 849
411 245
344 16
877 346
681 247
204 516
999 971
807 85
931 635
714 841
870 636
1000 970
897 552
861 791
351 597
64 445
598 574
508 644
540 483
609 192
956 339
943 599
673 846
370 583
187 135
427 660
120 98
250 749
513 267
662 148
424 272
388 737
305 321
551 676
519 394
722 18
686 393
806 882
163 972
349 905
393 887
341 521
732 801
997 126
877 728
473 306
881 669
393 720
540 552
152 281
116 586
428 574
46 885
552 694
531 791
548 735
825 54
400 579
488 850
773 190
262 701
751 801
99 390
268 905
804 811
532 282
130 934
866 508
902 636
230 895
1 947
420 931
818 518
354 187
874 802
509 863
762 927
196 213
853 452
302 314
123 747
826 908
7 27
294 686
335 310
908 942
1000 919
286 878
107 191
605 596
821 663
109 613
679 729
980 40
219 694
183 787
752 232
978 697
509 789
469 670
929 266
996 380
628 649
58 969
923 350
614 492
960 195
597 658
468 474
896 635
625 745
420 325
258 360
943 57
98 619
707 683
870 213
819 569
30 84
111 723
441 451
41 665
794 505
245 665
471 235
861 319
67 294
1000 998
68 117
253 47
519 494
910 793
317 851
593 248
806 670
988 853
122 663
475 906
457 651
713 602
572 306
370 47
356 110
194 833
363 826
664 417
372 720
251 897
608 294
185 499
811 99
371 536
635 871
104 253
503 239
588 151
517 157
954 537
919 537
955 832
578 413
815 472
85 251
750 135
734 520
521 43
298 340
887 58
139 984
458 87
550 174
734 667
881 197
735 230
493 759
442 891
739 227
776 119
117 699
388 357
112 21
683 984
680 578
10 982
672 407
839 213
1 697
739 449
649 937
889 300
196 972
141 125
791 7
39 866
994 765
782 766
315 820
2 180
295 793
645 590
480 230
49 375
875 47
123 834
770 177
719 214
741 906
210 962
12 204
178 292
487 306
597 765
292 812
365 914
576 511
98 527
136 816
11 908
529 975
325 292
474 750
384 282
59 920
153 467
262 287
980 512
582 340
175 870
732 97
200 82
557 103
59 777
280 970
634 911
543 75
129 251
2 619
332 934
10 174
233 959
786 703
767 574
381 367
537 151
958 961
640 152
694 975
276 860
371 726
104 59
678 595
497 92
759 668
389 108
901 278
124 149
394 555
322 176
108 641
327 417
311 828
226 852
643 262
973 576
351 188
227 98
464 592
726 920
602 410
714 624
346 604
574 220
373 773
584 816
783 368
992 737
956 772
784 255
5 720
891 825
838 352
202 14
790 391
57 751
99 15
459 514
316 393
726 580
50 221
35 371
377 689
296 553
430 240
782 581
166 798
813 375
318 881
430 867
732 807
879 560
296 643
875 809
713 214
362 908
219 781
703 381
847 135
392 721
561 6
871 829
747 499
915 735
864 53
776 36
881 782
689 446
272 562
309 421
183 396
719 750
958 530
160 467
542 877
161 214
785 702
7 883
946 989
786 562
552 912
110 65
967 518
336 186
744 199
251 73
877 789
75 359
384 576
540 747
133 75
687 628
65 781
325 723
264 273
249 309
21 774
709 893
942 105
553 641
991 51
192 807
155 429
303 93
102 368
92 768
661 839
652 674
65 472
51 29
754 484
256 967
60 213
834 396
304 655
987 898
144 856
519 803
762 90
826 277
417 849
749 688
882 486
594 627
945 283
691 203
585 844
343 580
418 637
886 378
905 809
301 464
250 635
345 913
434 578
858 721
201 294
864 98
591 241
847 155
870 586
228 969
470 922
567 104
594 70
98 793
284 986
59 684
850 879
948 652
966 793
179 793
367 228
299 12
884 415
122 665
